BC Ant

rollouts=20
returns [4889.92797053389, 4664.99387719524, 4702.128427686471, 4888.317595169217, 4694.073636792148, 4766.406510811585, 4889.708374895222, 4916.4006579786965, 4746.982883752523, 4839.398417812087, 4685.697515600287, 4704.444957485217, 4924.494189160596, 4787.894597612829, 4805.758117843657, 4810.981615188937, 4894.921087676134, 4700.0601234201085, 4869.737659588887, 4802.99548035724]
mean return 4799.2661848280495
std of return 84.81027765584602

rollouts=40
returns [4904.736144906638, 4738.0939984820025, 4578.936581424585, 4878.545129913845, 5010.604964651195, 4675.765710548656, 4834.794420561241, 4816.341900790059, 4900.231203221534, 4780.585022467341, 4758.867813274809, 4918.305137931081, 4911.760075267139, 4855.177388253718, 4859.461014917031, 4873.855636335512, 4710.374438889491, 4826.187516121894, 4903.521041202386, 4774.984276775377, 4631.297568750603, 4862.147166093387, 4756.779811013503, 4766.03927605107, 4698.333020798546, 4763.245369352636, 4838.991240095554, 4873.368183134644, 4889.381406785979, 4580.752239724168, 4733.595067141523, 4823.507989482798, 4677.045885268628, 4976.797070939406, 4754.720025230075, 4202.542280051552, 4831.094561191893, 4927.978404033399, 4773.011827327611, 4936.171999645953]
mean return 4795.198245201212
std of return 137.64395666895518

returns [4780.138117696415, 4801.493359392156, 4851.047303034816, 5028.796743481697, 4686.079408607942, 4813.549484978406, 4820.993003485587, 4661.440904479751, 4739.2296666075945, 4868.094631218411, 4675.604536055492, 4743.907344391404, 4755.769834060478, 4867.201385632274, 4771.989936840224, 4833.899040847501, 4742.984059029136, 4762.880334801337, 4615.615128066173, 4861.8793558273865, 4592.849336476738, 4799.554988527903, 4814.871877855079, 4785.120471972758, 4842.353240622467, 4905.24589431985, 4875.417367104082, 4914.98129746882, 4612.841740685234, 4706.634665480107, 4474.864155107331, 4769.305406044564, 4683.58182184047, 4696.205692016638, 4615.076310759661, 4857.429092601443, 4756.4664194460665, 4911.12935499446, 4731.582527897117, 4830.840729310463]
mean return 4771.473649226636
std of return 104.95779559378411



Expert Ant rollouts=40
returns [5028.52048038357, 4927.080261942033, 4921.6728377239315, 4793.243714334001, 4903.631576837086, 4809.32058798659, 4602.5936891736865, 4959.792311155565, 5047.426260926609, 4754.303945982536, 4857.552951052266, 4963.547680309063, 4864.4002131706275, 4800.893424602663, 4864.125513679139, 4856.806815199832, 4881.011002879029, 4825.740345026497, 4787.853518892222, 4590.528355796971, 4713.796259946825, 4999.427764472253, 4680.050108297408, 4832.1802277704, 4771.184774068213, 4884.39909160247, 4981.6182974054, 4872.775221242858, 4750.459370384955, 4834.41439542588, 4987.182497754157, 4805.288045392493, 4799.575934117171, 4837.200900362277, 4792.487304286731, 4882.495648969692, 4997.121409753582, 4907.9879102044, 4780.297825991555, 4834.008891960599]
mean return 4849.599934161581
std of return 102.97142649084074


Expert Humanoid rollouts=40
returns [10414.905980028667, 10471.093184785395, 10453.767808693201, 10274.199543119525, 10321.092493862321, 10423.881751107117, 10492.689451546754, 10498.283335027892, 10314.435617625448, 10415.860875588854, 10459.11426491529, 10339.922349348768, 10272.678023433133, 10395.148685138207, 10278.226182605265, 10369.325139599661, 10402.991597011653, 10386.815474916586, 10373.460475800233, 10332.066142880198, 10420.683755672802, 10353.797657490974, 10379.292589116933, 10364.376045025481, 10473.422462928449, 10505.458233189465, 10384.472873903494, 10392.671292079187, 10377.431802218895, 10369.443086435052, 10421.083709379664, 10410.658680517457, 10472.821470278148, 10408.86243847251, 10408.975185723726, 10396.803017375243, 10366.945535712952, 10383.041803634283, 10397.386674118085, 10450.758853226731]
mean return 10395.708638588341
std of return 57.660991347895276

BC Humanoid rollouts=40
returns [10431.372272676317, 10349.585479500909, 10395.941039700218, 10283.600879222264, 10367.18615891978, 10469.722750968796, 10357.673148813372, 10361.223049651939, 10407.762570429184, 10384.666145655945, 10391.031885465025, 10430.389213478978, 10353.454984203887, 10360.762948335092, 10370.82898309042, 10424.750636450795, 10330.698431686731, 10376.320860932536, 10472.586182332352, 10242.844738667845, 10423.867796110853, 10415.01439115168, 10436.817654673945, 10245.937480705292, 10446.249247899581, 10408.74752485299, 10354.028410915118, 10463.385031545407, 10391.909185093153, 10395.97665021, 10370.588918193886, 10416.023710114674, 10384.378586183784, 10339.681568362816, 10428.403625690116, 10444.353678356123, 10290.95126977116, 10388.912982902502, 10453.373448586955, 10365.004974902939]
mean return 10385.650212410135
std of return 54.3292253300636

returns [10433.804821104888, 10466.417291637421, 10386.017736583333, 10287.62785325341, 10369.427513931427, 10365.311655053134, 10361.122667947082, 10362.769556705945, 10392.681577670946, 10316.093353972943, 10339.481577588642, 10378.550890990899, 10316.214514416872, 10340.72510072149, 10394.058516121971, 10417.057536643746, 10348.38529923487, 10340.46852321023, 10378.47957013231, 10455.675198729932, 2500.6726808173207, 573.9239299541939, 10338.457642771607, 10252.757242545906, 10410.212679407789, 758.7268902667695, 10472.731365013604, 10383.63487013251, 10312.444408090443, 10346.82591534999, 759.4564254133605, 10449.941408098879, 10130.069411525325, 10308.365650860576, 10491.451139354333, 10411.201314268232, 10397.260595986761, 10321.150300898758, 10474.75440700958, 10429.052999884434]
mean return 9449.336550832548
std of return 2778.923862113722

returns [10439.249354061752, 2572.8860997394854, 10294.375490972736, 10260.17601408007, 10432.928776404258, 10351.673636875425, 10324.03058200785, 10484.654567308997, 10212.022886043704, 10261.05762751629, 10388.119196122238, 10501.393448241799, 831.241180362025, 10342.631458212114, 10394.670267569061, 10205.119179647187, 10339.947164282688, 10341.005443687814, 10333.489344472287, 10428.260539662791, 10447.526910701858, 10391.85293512723, 10275.989145010848, 10416.586840180458, 10393.402200920094, 10468.431300610868, 966.8412088976461, 10411.188316725395, 10375.547816245093, 10416.114584744311, 10325.541200576276, 10301.027600413696, 10450.862507974816, 10297.70948277444, 10348.385501769939, 10402.811741608693, 10357.363660367293, 10456.63960417185, 10344.630231171752, 10411.998078313085]
mean return 9699.984578139405
std of return 2358.1705770945127


BC has model complexity
hidden_layers = 3
units = 64

Non-overwritten data

Expert Ant rollouts=20
returns [4792.4975144074515, 4902.942399289742, 4862.564767383021, 4914.351018112915, 4749.351556960441, 4787.414535601704, 4870.74476467568, 5016.737279204028, 4800.407566883774, 4991.411544434142, 4949.022908103683, 4772.28020561797, 4757.8440647856705, 4547.7479455383345, 4785.175928204991, 4848.2842421557625, 4701.020208834769, 4632.605529107345, 4828.028547515084, 4876.149029748]
mean return 4819.329077828226
std of return 111.09713738343034

BC Ant rollouts=20
returns [4919.600482862571, 4908.511477294405, 4908.560522604129, 5014.826338726891, 4783.539024603237, 4952.574313053043, 4915.142141491495, 4730.636580964775, 4849.895453767884, 4908.577863667884, 4783.47489687518, 4725.744253141509, 4797.380320401247, 4885.782506495962, 4849.032892151261, 4775.973635131329, 4871.4478805396, 4941.301088735305, 4749.124096102501, 4804.902979689073]
mean return 4853.801437414963
std of return 79.321383255239

BC Ant rollouts=20
returns [4665.266702265193, 4816.835603003492, 4802.462307433686, 4912.0215805735, 4863.299221303794, 4730.133840205866, 4847.267824928241, 4766.886652029583, 4772.619976203388, 4683.987773419309, 4880.194275097369, 4966.666630737687, 4743.5701344008085, 4755.830189088512, 4671.826557629156, 4885.9583811464945, 4759.209851572045, 5056.862422267803, 4826.885940387275, 4904.071092649446]
mean return 4815.592847817133
std of return 98.72011549588024


Expert Hopper rollouts=20
returns [3783.4010054949326, 3776.9600030670263, 3772.974551341061, 3776.472922946682, 3781.719570427738, 3778.6775178171124, 3776.1626205104435, 3784.4032724259055, 3776.9316433642, 3775.64206701978, 3778.586223115679, 3783.631369409975, 3772.8209212417314, 3770.734085566844, 3787.301020453436, 3783.774493437444, 3773.327270433631, 3779.7913344593844, 3774.723096534687, 3778.0066122014487]
mean return 3778.3020800634577
std of return 4.408488175162548

BC Hopper rollouts=20
returns [3787.564623961852, 3773.9283549031366, 3783.6232196999636, 3776.5081575985705, 3091.651268306753, 3050.637878883293, 3776.4684278340856, 3781.3072949853013, 3433.736079046806, 3770.8897025665983, 3780.9137942848683, 3777.6074089959147, 3781.6569270670852, 2856.0637928852693, 3778.0235180405884, 3780.0937352356896, 3780.4719827486447, 3775.626092480991, 3774.413387945717, 2446.26971726812]
mean return 3577.872768236962
std of return 383.49435331424087

returns [2236.159809298305, 2504.7658347450592, 1242.1221035653234, 1373.496533586775, 1323.4322162334831, 2495.042979883092, 3019.178020523156, 2492.935478226435, 2156.97141637051, 1295.2293165464412, 1836.0791529360642, 2433.2678544401515, 2537.7326586687623, 2029.5649723089325, 2499.9924553089586, 1268.379748485208, 2517.358320864183, 3203.012683829246, 1398.6312841875101, 3279.326069402004]
mean return 2157.1339454704803
std of return 643.9172054151745

returns [2902.0173317283256, 2898.7865171176068, 2794.257065031942, 2491.809594968472, 2434.4313762097086, 2463.3189603207247, 1474.806398786437, 2527.324792125973, 2907.598910150347, 2187.630419661346, 2177.00090791139, 3129.9661830123096, 1343.6383341369076, 2144.9556593694115, 3000.114857046084, 2643.0555718024816, 3060.872174848557, 1042.0622953326447, 2350.3004470582428, 3297.4303177544944]
mean return 2463.5689057186705
std of return 593.0996011849895


Dagger Hopper expert_rollouts=15 total_rollouts=20 not reproducible
returns [3368.1707658936716, 3767.2606062984814, 2599.1273805216874, 2373.0707679123225, 3774.0377612432567, 3725.306594354968, 3777.880957991213, 3774.810839693048, 3781.152548658642, 3785.773942918596, 3761.9004828843467, 3781.198324083034, 3780.761588248992, 3771.0514827102775, 3787.9353276389384, 3784.8537024672273, 3778.5587982536426, 3784.9506740796437, 3703.296328970488, 3400.009364950611]
mean return 3603.0554119886547
std of return 391.87880837612937

BC Hopper rollouts=20 only 1 hidden layer
returns [1892.2858134494847, 3217.5021520536, 3431.509653792282, 3306.3984582509183, 2604.145904041008, 1027.4680702739377, 1746.490362718768, 3404.1923268489218, 3543.6789084225247, 1747.6645290572635, 3434.7924355355008, 3087.4277772276355, 3371.220287062168, 3225.7761631679737, 3412.4589295421233, 3398.168564049213, 3088.0178289485552, 3141.868451413312, 3276.813700418842, 3243.5060610126975]
mean return 2930.0693188643363
std of return 706.4243329764132

Dagger 10, 2, 20 didnt work

Expert Hopper Rollouts=40
returns [3776.4558928124434, 3778.3084094740725, 3776.4779070628256, 3786.9335000991646, 3773.193744322804, 3778.328981017273, 3781.8782740620773, 3779.0653625362365, 3777.362030453452, 3778.7698129555392, 3778.653235931469, 3778.223873444566, 3775.482049944195, 3777.0801325217567, 3779.581598921302, 3773.761578967152, 3772.6520490964754, 3785.2389087577076, 3773.560568019864, 3781.0683999826506, 3777.4712335094437, 3776.562533136721, 3778.9814210495906, 3781.064122167843, 3776.5440360518446, 3776.815117730581, 3785.9454209800215, 3777.7670279908643, 3775.420836182684, 3766.3009111597585, 3778.270301440686, 3780.5156335510305, 3781.2548081208292, 3782.4753930065026, 3775.944191832947, 3780.4013755708615, 3778.2142018491713, 3774.8050346399295, 3780.1270657487466, 3776.746744592984]
mean return 3778.0925930174017
std of return 3.7053740976458265

BC Hopper rollouts=40 hidden layers=3
returns [2629.1696482584816, 3257.0577262297693, 2063.2328633217644, 2390.864885672594, 3399.8295860261437, 2450.0483969175903, 3304.419589984328, 2107.7186352412496, 3310.450104625323, 3452.715393139814, 3258.4527470132384, 3047.933292939638, 3387.887519097124, 3412.9039201139963, 3277.5405241605113, 3227.477791101715, 3323.189210136215, 3380.77525983376, 2015.2627794121827, 3226.796052680154]
mean return 2996.1862962952796
std of return 494.65953267551373





